1
1 1 2018
0
10
25
0
0
0
0
0
0
100000

2
1 2 2018
0
10
25
0
0
0
0
0
0
100000

3
1 3 2018
0
10
25
0
0
0
0
0
0
100000

4
1 4 2018
0
10
25
0
0
0
0
0
0
100000

5
1 5 2018
0
10
25
0
0
0
0
0
0
100000

6
1 6 2018
0
10
25
0
0
0
0
0
0
100000

7
1 7 2018
0
10
25
0
0
0
0
0
0
100000

8
1 8 2018
0
10
25
0
0
0
0
0
0
100000

9
1 9 2018
0
10
25
0
0
0
0
0
0
100000

10
1 10 2018
0
10
25
0
0
0
0
0
0
100000